35 31
18 20
412 414
593 470
685 683
263 262
53 50
658 523
378 276
1169 1000
660 390
561 8
686 685
1086 1112
75 76
1209 1164
102 103
1071 289
1144 1145
105 106
978 859
567 559
942 941
390 391
568 622
1093 1091
1037 933
17 20
807 805
776 334
401 399
411 410
468 464
391 389
368 367
971 966
723 724
430 392
744 614
407 409
1086 1085
29 30
1134 1127
489 485
323 322
21 18
835 834
1084 1081
890 795
46 47
411 407
207 736
869 865
604 603
845 846
912 911
222 218
567 568
887 888
546 545
712 594
938 936
927 925
455 632
432 430
1020 1021
1026 1027
434 439
994 966
675 585
547 214
654 500
705 702
3 1
594 590
7 312
987 967
1016 982
946 947
190 191
780 57
1069 404
219 1058
472 576
395 394
1028 1029
65 66
1099 1098
451 423
537 489
41 524
140 141
215 212
424 425
1131 1130
52 51
177 178
448 416
343 344
743 741
993 966
362 363
1037 1035
237 142
453 452
532 500
502 498
1183 1184
670 203
438 1095
8 7
986 943
1157 1115
161 158
992 965
676 677
653 568
916 915
224 225
1090 1046
839 840
835 112
369 371
1132 1130
992 979
808 809
557 469
361 360
606 375
220 218
107 105
61 63
1155 1115
539 540
272 354
741 742
466 467
452 447
1129 1127
675 367
1081 475
313 551
772 771
1100 1101
658 657
560 7
384 385
912 892
83 81
471 555
1207 1198
522 520
865 866
14 13
151 150
351 348
807 804
96 95
631 420
869 868
173 172
113 0
1004 1003
1103 38
820 821
528 502
668 666
1076 1135
784 759
1170 1171
710 593
858 741
538 291
924 454
437 434
375 2
383 381
595 25
335 333
268 265
1018 890
140 142
841 842
439 437
111 0
272 353
10 11
956 127
86 87
366 368
1056 1055
1132 1128
582 579
446 444
588 587
847 411
1004 1002
297 298
417 477
1094 1089
77 79
1132 1131
482 631
107 106
646 216
378 377
1124 1120
273 271
301 131
618 619
983 981
532 502
1111 985
141 142
188 189
498 499
1001 978
605 603
414 417
415 417
545 518
235 236
848 849
919 918
658 652
130 131
555 556
212 214
1202 1132
528 501
1019 982
160 157
260 261
98 95
1045 990
1050 1048
554 8
1204 378
859 741
519 517
754 753
402 403
345 12
1174 1157
885 883
997 972
38 39
818 814
91 90
170 755
877 858
960 845
264 265
218 219
382 380
817 819
1020 1018
1051 1052
469 465
208 209
180 215
856 901
1083 630
1098 10
1070 402
576 471
568 3
919 915
259 257
1198 1169
654 543
1141 1140
975 976
1113 1085
95 506
1131 1128
1089 1045
965 877
689 33
419 413
868 865
845 91
827 823
1058 1023
1102 1101
369 370
1062 1060
420 423
1095 438
252 253
648 562
373 369
1108 1106
420 416
907 905
674 585
681 678
826 822
379 274
388 387
636 635
99 97
622 3
963 961
964 963
282 284
58 778
469 313
933 932
598 25
588 589
702 703
1136 1093
812 813
195 196
962 845
1141 1142
786 787
69 68
1005 1007
17 19
557 312
1176 1167
1081 630
65 63
344 12
31 30
631 419
425 426
691 692
516 504
329 195
597 25
583 472
912 913
442 443
1154 763
453 423
1109 1107
371 370
520 521
995 973
1062 1061
527 525
643 642
1081 1080
221 218
221 222
891 871
794 591
961 960
561 554
598 599
241 242
509 507
1043 912
790 789
1133 1128
504 515
789 787
63 66
1130 1129
507 508
112 368
757 26
24 23
5 4
623 624
130 125
943 944
800 789
68 67
877 859
767 211
233 231
1185 1186
1200 1201
918 915
763 1155
359 360
171 170
470 472
494 493
1226 1227
530 99
831 827
860 861
996 978
930 796
257 256
94 95
972 859
45 43
365 739
1023 1012
584 472
678 679
736 734
486 485
831 826
974 992
147 145
54 55
1044 988
877 876
687 32
450 785
484 485
1103 984
751 367
923 922
607 608
992 971
84 83
710 27
858 743
517 504
850 849
1053 581
908 807
1206 1207
529 528
182 183
175 176
739 368
584 583
1009 69
818 816
254 834
966 967
1075 1074
1159 1160
770 771
1017 982
171 172
321 322
580 577
823 824
454 456
1117 1118
965 859
455 420
240 239
925 926
475 474
8 4
503 543
501 99
207 734
1109 1108
85 82
1075 1076
970 966
205 667
423 415
1082 1083
515 513
26 27
408 407
289 290
970 993
966 968
406 407
882 883
499 505
738 473
1121 1063
558 552
997 995
1198 1197
276 274
386 387
1031 908
247 248
543 526
792 788
973 979
707 688
566 565
374 2
760 42
969 970
999 996
450 759
111 112
125 126
376 377
259 256
352 353
372 370
28 593
596 682
1206 1197
100 101
215 213
668 665
422 413
1056 1053
35 32
1093 1090
56 55
203 202
312 313
127 128
285 286
396 395
545 542
161 159
990 991
1130 1127
743 742
445 444
605 601
895 827
504 513
1 8
911 913
601 602
1125 1040
558 3
659 421
351 349
649 650
990 968
325 326
764 210
800 791
434 437
88 90
471 567
1175 84
552 313
1219 1220
93 92
1208 1059
597 24
525 499
347 343
862 863
499 94
552 553
1093 1089
180 216
202 668
531 502
985 887
451 420
911 912
542 504
627 410
385 763
722 720
671 561
736 735
417 480
553 313
582 578
674 368
9 1
257 258
1140 1142
1035 933
1136 1090
717 715
355 356
939 940
603 602
1196 1154
410 407
729 448
595 596
580 578
493 492
164 165
114 675
1172 1171
413 417
439 434
463 465
634 635
885 886
755 756
212 213
155 153
996 976
1119 221
1092 998
859 858
226 227
92 88
581 471
708 688
603 601
418 413
466 464
182 184
1178 1179
367 585
1160 1159
867 868
957 956
998 999
717 714
221 219
995 972
727 728
541 504
1110 1107
421 415
436 435
431 392
590 310
1182 241
422 412
16 304
437 438
319 320
280 664
454 455
389 387
502 501
1194 1195
447 423
515 514
1036 1035
729 730
1154 1155
300 130
34 31
886 795
1112 1086
805 804
741 693
1124 1123
348 349
397 396
85 83
552 312
690 658
533 534
1213 1207
4 464
411 408
345 346
424 426
593 655
1089 990
791 790
614 613
440 441
872 659
647 562
800 790
414 415
1142 1141
1230 1231
998 976
1172 1170
61 62
917 914
961 845
556 622
978 974
955 345
981 887
972 973
709 33
311 4
529 501
1212 1211
347 15
857 743
680 678
938 937
1013 267
807 808
834 112
1096 1097
977 995
852 853
701 651
636 637
185 183
855 856
153 154
1002 341
1008 1006
380 381
418 415
1086 1113
1099 10
183 262
402 405
1057 1055
454 450
651 650
394 395
249 248
974 988
783 781
206 207
555 551
112 365
31 32
843 844
711 593
738 737
871 659
789 788
368 585
59 60
121 120
643 641
537 486
620 621
189 1123
365 367
1199 1066
951 952
657 523
773 772
588 310
599 596
14 12
1159 1158
26 23
450 784
982 980
878 879
338 339
1008 1005
314 315
311 468
397 394
180 213
527 562
84 82
253 254
749 748
179 180
1082 1081
448 420
742 740
850 848
913 912
737 738
477 478
526 527
104 102
1123 1120
969 859
347 12
332 333
772 770
511 512
1085 1082
976 995
312 311
1215 1216
974 979
774 772
543 544
435 436
637 634
562 529
672 671
652 522
541 518
419 414
1115 996
633 412
758 453
327 328
966 859
254 835
333 334
519 516
920 917
346 12
404 402
685 684
765 210
373 372
408 409
322 324
586 472
967 859
950 949
556 653
434 1095
421 413
1083 1081
1200 1161
186 182
657 652
586 470
796 797
379 276
672 582
953 954
476 474
108 109
453 447
645 212
194 191
542 518
6 1
279 280
481 482
413 477
282 283
669 670
529 502
894 891
749 747
446 445
437 433
973 1044
1090 990
1080 1081
249 251
788 786
42 255
554 7
277 278
762 996
718 715
211 210
80 78
945 149
1063 1060
675 368
435 438
887 883
204 665
996 973
92 90
534 613
767 210
1113 1086
172 169
795 886
558 559
605 604
223 219
987 988
592 587
33 30
1064 1065
1037 1036
876 875
174 172
554 4
1077 1078
746 729
1012 749
1074 1075
768 769
706 702
88 89
1187 1188
444 445
803 804
122 124
936 937
591 589
273 270
483 482
1148 1149
500 501
1094 1093
311 466
467 468
465 466
683 598
463 464
785 451
491 492
854 92
475 476
500 97
57 58
566 564
208 210
713 658
301 130
827 826
1079 1004
1041 1042
516 513
276 275
779 57
789 786
94 96
34 687
907 906
967 965
343 12
871 661
845 88
1069 405
1110 1108
245 246
731 730
679 678
429 428
574 575
1101 1105
1109 1106
1127 1128
15 16
665 576
1121 1120
1036 933
706 704
893 871
958 959
64 61
977 997
1160 1158
581 582
1119 222
350 349
1217 1218
732 733
202 205
458 459
1122 1120
372 369
205 576
889 884
780 779
858 857
1053 1055
553 551
641 642
571 572
397 395
255 520
891 892
239 238
69 67
683 684
874 867
131 130
814 815
217 219
194 193
604 601
1103 1101
228 226
980 981
1072 1073
734 735
579 471
5 552
762 994
32 29
853 852
1161 1160
880 881
808 805
1114 996
527 498
187 182
499 504
567 556
66 296
911 892
216 212
495 496
1131 1127
533 503
293 292
318 314
231 232
693 694
900 899
12 13
1189 1190
1092 1089
333 775
669 203
1005 1006
346 305
999 975
559 3
456 632
136 137
134 135
415 413
565 564
1060 1061
64 62
538 389
1210 1211
238 239
122 123
788 787
510 507
53 51
578 471
202 665
143 144
622 6
1003 341
569 570
584 585
39 1100
962 963
761 762
284 283
924 922
24 25
119 121
600 598
713 690
395 396
7 552
366 367
822 600
294 295
875 858
130 126
980 887
488 484
964 845
1053 1054
882 884
625 623
633 418
922 921
173 169
717 716
252 254
267 265
626 625
89 91
704 703
1106 1107
28 594
291 292
270 272
920 914
612 613
117 118
794 795
1137 930
1017 1018
895 896
149 150
988 993
423 414
1107 1106
1108 1107
470 471
759 758
528 498
994 965
913 892
357 358
1191 1193
793 628
456 455
1019 1017
150 256
697 696
1176 1175
517 515
531 529
1009 67
334 333
62 66
823 822
287 288
3 4
1176 1177
1228 1229
1133 1131
669 667
290 826
501 498
977 976
916 917
1046 989
92 89
1000 977
1221 1222
639 640
628 408
565 563
415 416
1197 1169
615 389
864 863
435 1095
828 829
1000 979
310 311
1167 1168
210 209
6 8
84 81
174 169
632 455
470 465
545 525
1010 1011
447 416
410 409
999 1001
626 623
590 587
1083 1082
301 302
718 716
98 97
79 78
712 27
900 898
747 748
6 7
398 347
823 600
745 729
566 563
486 488
909 910
616 617
1136 1000
976 997
81 82
705 706
314 316
323 324
479 417
131 299
518 516
1061 1060
354 353
793 627
762 975
1212 1210
303 304
156 154
201 202
500 502
203 204
586 254
234 231
1130 1128
1134 1128
783 782
404 405
662 663
792 790
687 688
271 272
392 389
1112 1085
243 244
502 99
903 904
686 684
239 851
99 96
997 992
1200 1143
666 665
698 700
706 703
666 576
25 24
893 894
790 788
1067 1068
1034 1033
698 699
1032 1033
1146 1147
655 579
644 641
222 219
525 519
35 34
563 564
18 19
178 180
199 200
493 491
249 250
933 931
673 470
761 42
656 579
398 343
875 743
159 158
1046 1045
989 968
791 788
964 962
436 438
3 5
336 337
1014 1015
96 97
921 922
352 272
73 74
246 355
716 714
382 381
13 305
1085 1086
978 975
127 126
918 917
541 517
948 949
1057 1056
892 911
902 752
1091 1089
854 93
1 554
152 150
1101 983
801 802
0 1
975 859
689 31
138 137
45 44
690 657
13 304
1030 1029
196 195
464 490
517 516
628 627
308 309
166 167
537 487
837 460
156 155
148 146
1001 990
31 29
659 660
11 897
211 209
680 679
1203 378
195 197
489 486
305 304
234 233
427 428
1047 946
526 525
1066 1028
1191 1192
1050 1049
1122 1123
874 869
78 269
988 971
706 705
489 487
886 901
719 720
364 366
890 886
941 14
905 906
247 249
523 524
0 2
1021 908
577 471
513 514
83 82
1087 1088
723 719
673 580
482 419
632 784
1003 1002
